30001020115508888821
30001020115508888941
30001020115508889031
30001020115508889701
30001020115508889801
30001020115508890011
30001020115508890091
30001020115508890901
30001020115508890991
30001020115508891871
30001020115508892111
30001020115508892321
30001020115508892471
30001020115508892581
30001020115508892701
30001020115508892761
30001020115508892821
30001020115508892871
30001020115508892921
30001020115508892981
30001020115508893041
30001020115508893101
30001020115508893181
30001020115508893231
30001020115508893291
30001020115508893361
30001020115508893461
30001020115508893601
30001020115508893971
30001020115508894111
30001020115508894811
30001020115508895121
30001020115508895561
30001020115508895571
30001020115508895641
30001020115508895711
30001020115508895791
30001020115508895841
30001020115508895921
30001020115508895981
30001020115508896031
30001020115508896091
30001020115508896151
30001020115508896331
30001020115508896571
30001020115508896631
30001020115508896721
30001020115508896801
30001020115508896911
30001020115508897091
30001020115508897171
30001020115508897241
30001020115508898061
30001020115508898241
30001020115508898991
30001020115508899141
30001020115508899491
30001020115508900321
30001020115508900541
30001020115508900891
30001020115508901301
30001020115508901831
30001020115508903211
30001020115508903431
30001020115508903641
30001020115508904941
30001020115508906141
30001020115508906461
30001020115508906921
30001020115508908071
30001020115508908291
30001020115508909791
30001020115508910121
30001020115508910231
30001020115508911331
30001020115508911921
30001020115508911981
30001020115508912631
30001020115508913371
30001020115508913551
30001020115508913851
30001020115508914141
30001020115508914721
30001020115508915321
30001020115508915481
30001020115508916621
30001020115508916921
30001020115508917201
30001020115508917771
30001020115508918131
30001020115508918691
30001020115508918871
30001020115508919261
30001020115508919451
30001020115508919501
30001020115508919711
30001020115508920481
30001020115508920561
30001020115508921071
30001020115508922381
30001020115508922601
30001020115508923431
30001020115508923841
30001020115508923981
30001020115508924451
30001020115508924541
30001020115508925221
30001020115508925331
30001020115508926571
30001020115508926841
30001020115508927241
30001020115508927311
30001020115508927691
30001020115508927861
30001020115508928271
30001020115508929121
30001020115508929211
30001020115508929301
30001020115508929371
30001020115508930301
30001020115508930351
30001020115508931981
30001020115508932311
30001020115508933091
30001020115508933381
30001020115508935011
30001020115508935601
30001020115508936901
30001020115508937101
30001020115508937221
30001020115508938051
30001020115508938451
30001020115508939461
30001020115508940061
30001020115508940161
30001020115508940901
30001020115508941051
30001020115508941381
30001020115508941791
30001020115508942551
30001020115508942681
30001020115508942951
30001020115508943211
30001020115508943451
30001020115508943581
30001020115508943781
30001020115508943891
30001020115508944041
30001020115508944171
30001020115508944291
30001020115508944361
30001020115508944551
30001020115508944651
30001020115508944971
30001020115508945231
30001020115508945311
30001020115508945391
30001020115508945861
30001020115508945951
30001020115508946101
30001020115508946741
30001020115508948731
30001020115508951451
30001020115508952701
30001020115508953541
30001020115508956291
30001020115508957001
30001020115508957171
30001020115508957321
30001020115508957471
30001020115508957931
30001020115508958071
30001020115508958151
30001020115508958231
30001020115508958301
30001020115508960141
30001020115508961751
30001020115508962301
30001020115508962471
30001020115508962541
30001020115508962691
30001020115508963011
30001020115508963171
30001020115508963351
30001020115508963411
30001020115508963601
30001020115508963661
30001020115508963711
30001020115508963801
30001020115508963911
30001020115508964061
30001020115508964201
30001020115508964341
30001020115508964551
30001020115508964601
30001020115508964791
30001020115508964901
30001020115508964971
30001020115508965061
30001020115508965141
30001020115508965211
30001020115508965361
30001020115508965561
30001020115508965631
30001020115508965921
30001020115508965981
30001020115508966111
30001020115508966251
30001020115508966381
30001020115508966761
30001020115508966811
30001020115508967131
30001020115508967181
30001020115508971191
30001020115508971241
30001020115508973121
30001020115509101661
30001020115509103681
30001020115509105851
30001020115509106911
30001020115509106991
30001020115509107341
30001020115509108071
30001020115509108131
30001020115509108691
30001020115509108901
30001020115509109081
30001020115509109211
30001020115509109871
30001020115509110601
30001020115509112171
30001020115509112811
30001020115509114611
30001020115509114851
30001020115509115511
30001020115509115621
30001020115509115831
30001020115509116931
30001020115509117041
30001020115509117301
30001020115509117571
30001020115509121781
30001020115509122551
30001020115509123681
30001020115509123901
30001020115509124221
30001020115509124471
30001020115509124571
30001020115509124661
30001020115509125291
30001020115509125611
30001020115509126481
30001020115509126831
30001020115509126961
30001020115509127321
30001020115509128261
30001020115509128511
30001020115509128651
30001020115509128821
30001020115509129471
30001020115509130781
30001020115509130971
30001020115509131411
30001020115509131671
30001020115509131741
30001020115509132461
30001020115509133671
30001020115509135311
30001020115509136861
30001020115509138321
30001020115509139821
30001020115509140191
30001020115509142241
30001020115509143111
30001020115509143251
30001020115509143461
30001020115509143541
30001020115509143671
30001020115509144331
30001020115509144571
30001020115509145751
30001020115509146241
30001020115509146321
30001020115509147891
30001020115509147981
30001020115509148941
30001020115509151171
30001020115509151371
30001020115509151461
30001020115509151671
30001020115509152401
30001020115509153731
30001020115509153911
30001020115509158921
30001020115509742311
30001020115509753061
30001020115509753161
30001020115509753791
30001020115509753921
30001020115509754131
30001020115509754621
30001020115509754791
30001020115509755241
30001020115509755331
30001020115509755421
30001020115509755551
30001020115509755651
30001020115509756061
30001020115509756251
30001020115509756801
30001020115509756871
30001020115509756981
30001020115509757111
30001020115509757251
30001020115509757621
30001020115509758011
30001020115509758091
30001020115509758521
30001020115509758631
30001020115509758711
30001020115509758971
30001020115509759381
30001020115509759481
30001020115509759551
30001020115509759731
30001020115509759871
30001020115509759951
30001020115509760001
30001020115509760251
30001020115509760301
30001020115509760391
30001020115509760601
30001020115509760811
30001020115509761301
30001020115509761571
30001020115509762531
30001020115509762691
30001020115509762841
30001020115509762951
30001020115509763021
30001020115509764551
30001020115509764631
30001020115509764741
30001020115509764951
30001020115509766051
30001020115509766191
30001020115509766291
30001020115509766491
30001020115509766591
30001020115509766681
30001020115509766871
30001020115509767331
30001020115509767591
30001020115509767711
30001020115509768381
30001020115509771871
30001020115509772661
30001020115509772731
30001020115509773881
30001020115509773951
30001020115509774131
30001020115509774341
30001020115509774421
30001020115509775681
30001020115509778351
30001020115509778511
30001020115509778611
30001020115509779661
30001020115509780201
30001020115509780641
30001020115509780721
30001020115509782061
30001020115509782291
30001020115509782841
30001020115509783481
30001020115509784071
30001020115509784161
30001020115509784531
30001020115509784671
30001020115509784911
30001020115509785271
30001020115509785861
30001020115509785971
30001020115509786511
30001020115509786671
30001020115509787131
30001020115509787301
30001020115509787401
30001020115509787541
30001020115509787771
30001020115509788111
30001020115509788261
30001020115509788341
30001020115509788501
30001020115509788601
30001020115509789051
30001020115509789591
30001020115509790441
30001020115509790951
30001020115509791071
30001020115509791161
30001020115509791431
30001020115509793541
30001020115509796201
30001020115509796341
30001020115509797801
30001020115509798111
30001020115509799301
30001020115509801361
30001020115509802801
30001020115509803061
30001020115509804431
30001020115509804931
30001020115509806461
30001020115509806751
30001020115509807001
30001020115509807241
30001020115509807441
30001020115509807531
30001020115509807651
30001020115509807791
30001020115509808071
30001020115509808291
30001020115509808441
30001020115509808551
30001020115509808741
30001020115509808881
30001020115509809031
30001020115509809161
30001020115509809331
30001020115509809801
30001020115509809951
30001020115509810811
30001020115509811001
30001020115509811231
30001020115509811571
30001020115509811921
30001020115509812151
30001020115509814691
30001020115509814961
30001020115509819641
30001020115509826511
30001020115509826591
30001020115509826771
30001020115509826901
30001020115509828251
30001020115509828811
30001020115509970621
30001020115509970851
30001020115509971021
30001020115509971111
30001020115509971311
30001020115509971551
30001020115509971691
30001020115509971871
30001020115509972171
30001020115509972661
30001020115509972941
30001020115509973561
30001020115509973951
30001020115509974171
30001020115509974811
30001020115509975361
30001020115509975481
30001020115509975651
30001020115509976041
30001020115509976191
30001020115509976381
30001020115509976991
30001020115509977331
30001020115509977461
30001020115509977811
30001020115509978851
30001020115509979021
30001020115509979811
30001020115509980491
30001020115509980731
30001020115509981721
30001020115509982011
30001020115509982401
30001020115509983511
30001020115509984091
30001020115509984351
30001020115509984471
30001020115509985291
30001020115509986071
30001020115509986501
30001020115509986641
30001020115509986981
30001020115509989201
30001020115509989721
30001020115509989831
30001020115509990711
30001020115509990851
30001020115509990961
30001020115509991081
30001020115509991491
30001020115509991561
30001020115509991631
30001020115509991821
30001020115509991981
30001020115509992281
30001020115509992351
30001020115509992441
30001020115509992801
30001020115509992911
30001020115509993021
30001020115509993281
30001020115509993691
30001020115509994841
30001020115509995931
30001020115509996321
30001020115509997401
30001020115509997751
30001020115509998341
30001020115509999351
30001020115510000251
30001020115510001181
30001020115510001541
30001020115510002351
30001020115510002611
30001020115510003231
30001020115510003291
30001020115510003351
30001020115510004801
30001020115510006691
30001020115510006961
30001020115510007041
30001020115510007641
30001020115510007781
30001020115510007881
30001020115510008001
30001020115510009681
30001020115510010441
30001020115510010661
30001020115510011521
30001020115510011701
30001020115510012021
30001020115510012461
30001020115510012591
30001020115510012981
30001020115510013741
30001020115510013961
30001020115510014131
30001020115510014411
30001020115510014561
30001020115510015211
30001020115510015411
30001020115510016031
30001020115510016381
30001020115510016471
30001020115510016551
30001020115510016951
30001020115510017181
30001020115510017391
30001020115510019431
30001020115510021211
30001020115510026981
30001020115510619121
30001020115510619381
30001020115510619471
30001020115510619721
30001020115510619811
30001020115510619861
30001020115510620641
30001020115510620721
30001020115510620781
30001020115510620861
30001020115510621071
30001020115510621141
30001020115510621211
30001020115510621381
30001020115510621521
30001020115510621621
30001020115510621751
30001020115510621821
30001020115510621901
30001020115510622671
30001020115510623281
30001020115510623391
30001020115510623741
30001020115510623851
30001020115510623941
30001020115510624011
30001020115510624291
30001020115510626071
30001020115510626211
30001020115510627051
30001020115510627151
30001020115510628641
30001020115510629301
30001020115510629681
30001020115510632351
30001020115510636801
30001020115510636921
30001020115510637751
30001020115510637961
30001020115510638101
30001020115510638261
30001020115510638391
30001020115510639021
30001020115510640251
30001020115510641911
30001020115510641991
30001020115510642201
30001020115510642421
30001020115510642521
30001020115510642671
30001020115510643111
30001020115510643811
30001020115510644211
30001020115510644741
30001020115510644931
30001020115510645181
30001020115510645381
30001020115510645441
30001020115510646031
30001020115510647381
30001020115510648771
30001020115510648881
30001020115510649291
30001020115510649921
30001020115510650291
30001020115510650461
30001020115510650901
30001020115510652811
30001020115510654461
30001020115510655341
30001020115510655561
30001020115510655861
30001020115510655941
30001020115510656221
30001020115510657221
30001020115510659001
30001020115510659931
30001020115510660151
30001020115510661401
30001020115510661781
30001020115510664601
30001020115510665771
30001020115510665991
30001020115510666171
30001020115510666281
30001020115510670471
30001020115510671351
30001020115510671421
30001020115510671811
30001020115510672051
30001020115510672281
30001020115510672571
30001020115510672681
30001020115510672811
30001020115510672941
30001020115510673331
30001020115510673521
30001020115510673571
30001020115510673651
30001020115510673731
30001020115510673871
30001020115510673971
30001020115510674071
30001020115510674221
30001020115510674871
30001020115510676991
30001020115510680651
30001020115510680801
30001020115510681381
30001020115510681471
30001020115510681611
30001020115510681741
30001020115510681841
30001020115510681981
30001020115510682051
30001020115510682391
30001020115510682501
30001020115510682551
30001020115510683011
30001020115510683101
30001020115510683231
30001020115510683421
30001020115510684101
30001020115510685111
30001020115510685851
30001020115510687121
30001020115510689081
30001020115510690151
30001020115510690521
30001020115510690631
30001020115510690731
30001020115510690891
30001020115510691011
30001020115510691071
30001020115510691131
30001020115510691221
30001020115510691461
30001020115510691691
30001020115510691801
30001020115510691921
30001020115510692241
30001020115510692351
30001020115510692521
30001020115510692731
30001020115510692861
30001020115510692991
30001020115510693691
30001020115510693751
30001020115510693801
30001020115510693881
30001020115510694041
30001020115510694541
30001020115510694591
30001020115510694721
30001020115510694831
30001020115510694891
30001020115510695041
30001020115510695161
30001020115510695651
30001020115510696101
30001020115510696221
30001020115510696501
30001020115510696701
30001020115510834911
30001020115510835001
30001020115510835651
30001020115510835721
30001020115510836251
30001020115510836311
30001020115510836461
30001020115510836711
30001020115510836841
30001020115510837321
30001020115510837971
30001020115510838301
30001020115510838861
30001020115510839091
30001020115510839321
30001020115510839681
30001020115510839851
30001020115510840331
30001020115510841051
30001020115510841641
30001020115510841821
30001020115510841901
30001020115510842091
30001020115510844041
30001020115510846531
30001020115510846671
30001020115510846921
30001020115510850051
30001020115510850441
30001020115510850641
30001020115510851221
30001020115510851291
30001020115510851371
30001020115510851611
30001020115510852771
30001020115510852911
30001020115510853161
30001020115510853681
30001020115510854041
30001020115510854101
30001020115510854341
30001020115510854521
30001020115510854881
30001020115510855021
30001020115510855161
30001020115510855251
30001020115510856441
30001020115510856921
30001020115510857321
30001020115510858271
30001020115510859021
30001020115510860471
30001020115510860881
30001020115510861231
30001020115510862331
30001020115510863021
30001020115510863411
30001020115510864271
30001020115510864391
30001020115510865131
30001020115510865571
30001020115510866841
30001020115510867111
30001020115510867551
30001020115510867981
30001020115510868411
30001020115510869251
30001020115510871351
30001020115510872141
30001020115510872471
30001020115510872591
30001020115510872891
30001020115510873021
30001020115510873371
30001020115510875241
30001020115510875511
30001020115510875621
30001020115510875781
30001020115510878061
30001020115510878321
30001020115510878881
30001020115510880491
30001020115510884771
30001020115510885351
30001020115510894721
30001020115511483501
30001020115511483621
30001020115511483731
30001020115511483981
30001020115511484151
30001020115511484211
30001020115511484521
30001020115511484641
30001020115511484811
30001020115511486721
30001020115511486851
30001020115511487471
30001020115511487621
30001020115511488001
30001020115511488111
30001020115511488251
30001020115511488351
30001020115511488591
30001020115511490301
30001020115511490381
30001020115511490941
30001020115511491141
30001020115511491611
30001020115511492871
30001020115511495171
30001020115511496371
30001020115511496801
30001020115511497351
30001020115511498011
30001020115511499261
30001020115511499331
30001020115511499881
30001020115511500581
30001020115511501321
30001020115511501511
30001020115511502291
30001020115511504011
30001020115511504901
30001020115511504971
30001020115511505091
30001020115511505191
30001020115511505261
30001020115511505981
30001020115511506071
30001020115511506131
30001020115511506221
30001020115511506411
30001020115511506661
30001020115511508021
30001020115511508461
30001020115511508941
30001020115511509231
30001020115511509961
30001020115511510051
30001020115511510621
30001020115511511001
30001020115511511681
30001020115511512251
30001020115511513011
30001020115511514961
30001020115511515521
30001020115511515691
30001020115511515791
30001020115511516021
30001020115511516281
30001020115511516481
30001020115511516771
30001020115511517071
30001020115511519381
30001020115511519741
30001020115511520381
30001020115511520531
30001020115511521111
30001020115511521561
30001020115511524351
30001020115511524671
30001020115511525211
30001020115511525561
30001020115511526041
30001020115511526691
30001020115511526871
30001020115511527301
30001020115511527571
30001020115511528911
30001020115511529391
30001020115511529801
30001020115511530121
30001020115511531501
30001020115511534051
30001020115511534391
30001020115511534701
30001020115511535491
30001020115511535911
30001020115511536051
30001020115511536321
30001020115511536481
30001020115511536761
30001020115511537011
30001020115511537111
30001020115511537271
30001020115511537551
30001020115511537651
30001020115511537801
30001020115511538111
30001020115511538481
30001020115511538741
30001020115511541301
30001020115511545381
30001020115511545971
30001020115511546121
30001020115511546411
30001020115511547181
30001020115511547341
30001020115511547891
30001020115511547961
30001020115511549111
30001020115511549221
30001020115511550811
30001020115511552401
30001020115511553881
30001020115511554601
30001020115511554761
30001020115511554831
30001020115511554891
30001020115511555051
30001020115511555151
30001020115511555211
30001020115511555261
30001020115511555331
30001020115511555391
30001020115511555771
30001020115511555881
30001020115511555941
30001020115511556021
30001020115511556101
30001020115511556201
30001020115511556251
30001020115511556421
30001020115511556591
30001020115511556681
30001020115511556801
30001020115511556961
30001020115511557211
30001020115511557311
30001020115511557901
30001020115511557981
30001020115511558341
30001020115511558441
30001020115511558711
30001020115511558931
30001020115511558991
30001020115511559091
30001020115511559141
30001020115511559191
30001020115511559271
30001020115511559401
30001020115511559551
30001020115511559711
30001020115511559881
30001020115511560561
30001020115511562021
30001020115511696061
30001020115511698831
30001020115511699291
30001020115511699421
30001020115511699761
30001020115511699861
30001020115511700051
30001020115511700301
30001020115511700671
30001020115511701741
30001020115511701871
30001020115511701981
30001020115511702081
30001020115511702161
30001020115511702371
30001020115511702431
30001020115511702861
30001020115511703011
30001020115511703361
30001020115511703851
30001020115511704701
30001020115511705381
30001020115511706081
30001020115511706371
30001020115511706441
30001020115511706561
30001020115511706801
30001020115511707071
30001020115511707201
30001020115511708701
30001020115511710051
30001020115511712411
30001020115511714051
30001020115511714821
30001020115511716111
30001020115511716591
30001020115511716651
30001020115511718431
30001020115511718601
30001020115511718811
30001020115511719141
30001020115511719691
30001020115511720251
30001020115511720351
30001020115511720441
30001020115511720591
30001020115511720901
30001020115511721341
30001020115511721661
30001020115511721821
30001020115511722141
30001020115511722701
30001020115511722821
30001020115511723361
30001020115511723451
30001020115511723781
30001020115511723961
30001020115511724091
30001020115511724431
30001020115511724591
30001020115511724661
30001020115511724731
30001020115511724901
30001020115511725011
30001020115511726261
30001020115511727931
30001020115511728051
30001020115511730231
30001020115511731161
30001020115511731281
30001020115511731691
30001020115511732021
30001020115511732131
30001020115511732201
30001020115511732611
30001020115511736261
30001020115511736461
30001020115511736821
30001020115511737011
30001020115511737661
30001020115511738061
30001020115511738141
30001020115511738641
30001020115511738801
30001020115511739171
30001020115511741151
30001020115511741551
30001020115511743271
30001020115511744041
30001020115511744611
30001020115511744741
30001020115511744971
30001020115511745471
30001020115511745621
30001020115511746681
30001020115511748471
30001020115512345871
30001020115512346211
30001020115512346531
30001020115512347621
30001020115512347961
30001020115512348031
30001020115512348171
30001020115512348291
30001020115512348411
30001020115512348471
30001020115512349031
30001020115512349611
30001020115512350481
30001020115512350731
30001020115512351201
30001020115512353001
30001020115512353251
30001020115512353421
30001020115512353601
30001020115512354001
30001020115512356101
30001020115512356661
30001020115512358211
30001020115512359091
30001020115512359681
30001020115512360391
30001020115512360901
30001020115512362421
30001020115512362681
30001020115512363101
30001020115512363991
30001020115512364911
30001020115512365681
30001020115512366181
30001020115512369131
30001020115512369281
30001020115512370511
30001020115512370831
30001020115512371041
30001020115512371271
30001020115512371381
30001020115512371461
30001020115512372111
30001020115512372341
30001020115512372791
30001020115512373471
30001020115512373711
30001020115512373801
30001020115512375621
30001020115512375801
30001020115512376041
30001020115512376101
30001020115512377101
30001020115512377791
30001020115512378181
30001020115512379601
30001020115512379861
30001020115512380211
30001020115512380281
30001020115512380461
30001020115512380691
30001020115512380751
30001020115512381651
30001020115512382251
30001020115512382501
30001020115512383781
30001020115512383981
30001020115512384481
30001020115512384781
30001020115512384891
30001020115512386451
30001020115512386641
30001020115512386911
30001020115512387431
30001020115512388261
30001020115512388981
30001020115512389101
30001020115512389761
30001020115512389871
30001020115512390111
30001020115512390281
30001020115512390391
30001020115512390611
30001020115512390751
30001020115512391841
30001020115512392191
30001020115512392461
30001020115512392671
30001020115512393201
30001020115512393311
30001020115512393381
30001020115512395031
30001020115512395711
30001020115512395831
30001020115512397521
30001020115512399531
30001020115512399891
30001020115512400261
30001020115512400401
30001020115512400511
30001020115512400891
30001020115512401061
30001020115512401161
30001020115512401371
30001020115512401491
30001020115512401571
30001020115512401641
30001020115512402041
30001020115512402351
30001020115512402611
30001020115512402941
30001020115512403151
30001020115512405461
30001020115512405621
30001020115512405911
30001020115512406691
30001020115512407311
30001020115512407521
30001020115512408011
30001020115512408381
30001020115512408451
30001020115512409151
30001020115512409821
30001020115512412421
30001020115512413901
30001020115512414101
30001020115512416771
30001020115512418561
30001020115512418711
30001020115512418781
30001020115512418921
30001020115512419171
30001020115512419311
30001020115512419491
30001020115512419561
30001020115512419691
30001020115512419811
30001020115512419951
30001020115512420171
30001020115512420251
30001020115512420421
30001020115512420651
30001020115512420761
30001020115512420841
30001020115512420891
30001020115512421291
30001020115512421661
30001020115512422041
30001020115512422111
30001020115512422201
30001020115512422291
30001020115512422351
30001020115512422501
30001020115512422631
30001020115512422711
30001020115512422761
30001020115512422841
30001020115512422961
30001020115512423081
30001020115512423511
30001020115512423581
30001020115512423731
30001020115512423901
30001020115512424651
30001020115512432291
30001020115512562991
30001020115512563791
30001020115512563981
30001020115512564101
30001020115512564941
30001020115512565341
30001020115512565901
30001020115512566121
30001020115512566181
30001020115512566261
30001020115512566331
30001020115512566401
30001020115512566471
30001020115512566701
30001020115512566891
30001020115512567001
30001020115512568291
30001020115512568361
30001020115512568551
30001020115512568651
30001020115512568811
30001020115512568931
30001020115512569121
30001020115512569371
30001020115512569451
30001020115512570291
30001020115512570751
30001020115512570881
30001020115512571141
30001020115512571521
30001020115512571951
30001020115512572031
30001020115512572731
30001020115512573151
30001020115512573231
30001020115512573371
30001020115512574641
30001020115512574901
30001020115512575431
30001020115512577321
30001020115512577891
30001020115512578291
30001020115512578431
30001020115512578871
30001020115512581101
30001020115512581611
30001020115512581931
30001020115512582221
30001020115512582381
30001020115512582621
30001020115512582741
30001020115512583531
30001020115512583611
30001020115512583721
30001020115512584041
30001020115512584211
30001020115512584891
30001020115512585341
30001020115512586851
30001020115512587471
30001020115512588041
30001020115512588281
30001020115512588371
30001020115512588431
30001020115512588831
30001020115512589011
30001020115512589421
30001020115512589481
30001020115512593351
30001020115512593701
30001020115512594251
30001020115512594471
30001020115512594581
30001020115512596021
30001020115512597511
30001020115512597811
30001020115512598071
30001020115512599691
30001020115512599791
30001020115512600371
30001020115512601591
30001020115512602091
30001020115512602511
30001020115512603151
30001020115512604181
30001020115512605321
30001020115512607391
30001020115512609851
30001020115512610731
30001020115512611311
30001020115512611441
30001020115512614021
30001020115512615101
30001020115513208121
30001020115513208261
30001020115513208541
30001020115513213951
30001020115513214581
30001020115513215191
30001020115513216271
30001020115513217581
30001020115513217811
30001020115513219431
30001020115513219521
30001020115513222381
30001020115513222861
30001020115513223061
30001020115513223591
30001020115513225011
30001020115513225981
30001020115513227031
30001020115513227921
30001020115513228611
30001020115513229491
30001020115513229601
30001020115513229771
30001020115513230381
30001020115513230561
30001020115513230881
30001020115513231091
30001020115513232871
30001020115513233061
30001020115513233561
30001020115513233981
30001020115513234081
30001020115513234641
30001020115513234731
30001020115513235061
30001020115513235271
30001020115513235411
30001020115513235761
30001020115513236451
30001020115513237411
30001020115513237761
30001020115513238051
30001020115513239491
30001020115513239911
30001020115513240021
30001020115513240441
30001020115513240731
30001020115513240941
30001020115513241891
30001020115513242441
30001020115513242501
30001020115513243521
30001020115513244351
30001020115513245071
30001020115513245181
30001020115513245451
30001020115513246091
30001020115513246461
30001020115513246811
30001020115513248121
30001020115513249891
30001020115513250201
30001020115513251131
30001020115513251781
30001020115513252711
30001020115513252771
30001020115513253511
30001020115513253631
30001020115513253731
30001020115513254141
30001020115513254511
30001020115513254591
30001020115513256571
30001020115513256731
30001020115513259621
30001020115513260171
30001020115513261081
30001020115513263751
30001020115513264301
30001020115513264371
30001020115513264501
30001020115513264671
30001020115513264951
30001020115513265201
30001020115513265331
30001020115513265411
30001020115513265461
30001020115513265541
30001020115513265631
30001020115513265731
30001020115513265941
30001020115513266051
30001020115513266101
30001020115513271611
30001020115513272071
30001020115513272131
30001020115513272371
30001020115513272961
30001020115513273091
30001020115513273251
30001020115513273401
30001020115513274411
30001020115513274971
30001020115513275341
30001020115513275621
30001020115513275781
30001020115513275871
30001020115513276411
30001020115513279041
30001020115513279341
30001020115513280861
30001020115513281101
30001020115513282611
30001020115513282701
30001020115513282871
30001020115513282981
30001020115513283021
30001020115513283191
30001020115513283301
30001020115513283361
30001020115513283451
30001020115513283541
30001020115513283651
30001020115513283751
30001020115513283891
30001020115513284101
30001020115513284221
30001020115513284321
30001020115513284381
30001020115513284451
30001020115513284531
30001020115513284851
30001020115513285021
30001020115513285081
30001020115513285201
30001020115513285611
30001020115513285761
30001020115513285831
30001020115513285931
30001020115513286151
30001020115513286251
30001020115513286311
30001020115513286411
30001020115513286471
30001020115513286601
30001020115513286681
30001020115513286791
30001020115513286871
30001020115513287071
30001020115513287311
30001020115513287871
30001020115513288311
30001020115513426671
30001020115513427661
30001020115513427831
30001020115513427901
30001020115513428201
30001020115513429781
30001020115513430351
30001020115513431061
30001020115513431171
30001020115513432111
30001020115513432381
30001020115513432661
30001020115513433521
30001020115513433681
30001020115513433781
30001020115513433861
30001020115513434061
30001020115513434231
30001020115513434381
30001020115513434471
30001020115513435941
30001020115513436061
30001020115513436721
30001020115513437641
30001020115513437881
30001020115513438171
30001020115513438761
30001020115513439621
30001020115513441001
30001020115513441811
30001020115513442701
30001020115513443481
30001020115513443831
30001020115513444551
30001020115513444851
30001020115513445281
30001020115513445561
30001020115513445771
30001020115513446041
30001020115513446511
30001020115513447151
30001020115513447701
30001020115513448011
30001020115513448261
30001020115513449851
30001020115513449971
30001020115513451221
30001020115513452881
30001020115513453301
30001020115513453821
30001020115513454281
30001020115513454511
30001020115513455001
30001020115513455261
30001020115513457331
30001020115513458601
30001020115513459131
30001020115513459301
30001020115513459721
30001020115513460221
30001020115513461441
30001020115513463631
30001020115513464661
30001020115513466611
30001020115513467071
30001020115513467211
30001020115513467441
30001020115513467511
30001020115513467601
30001020115513468041
30001020115513468231
30001020115513468561
30001020115513468711
30001020115513468831
30001020115513468951
30001020115513469041
30001020115513469131
30001020115513469481
30001020115513470101
30001020115513471371
30001020115513472121
30001020115513472441
30001020115513472571
30001020115513472701
30001020115513474361
30001020115513475971
30001020115513478361
30001020115513478741
30001020115513480981
30001020115513484331
30001020115513485901
30001020215508894291
30001020215508894661
30001020215508894841
30001020215508895001
30001020215508896101
30001020215508896171
30001020215508896281
30001020215508896561
30001020215508896631
30001020215508896691
30001020215508896781
30001020215508896901
30001020215508897001
30001020215508897121
30001020215508897191
30001020215508897291
30001020215508897681
30001020215508897981
30001020215508898201
30001020215508898411
30001020215508898621
30001020215508899821
30001020215508900171
30001020215508901031
30001020215508901241
30001020215508901331
30001020215508901461
30001020215508902521
30001020215508902681
30001020215508902881
30001020215508903011
30001020215508903261
30001020215508904121
30001020215508904251
30001020215508904311
30001020215508904511
30001020215508905581
30001020215508905791
30001020215508906171
30001020215508906351
30001020215508906571
30001020215508907021
30001020215508907661
30001020215508908131
30001020215508908261
30001020215508908681
30001020215508908771
30001020215508909491
30001020215508909651
30001020215508909721
30001020215508909821
30001020215508909991
30001020215508910331
30001020215508911141
30001020215508911751
30001020215508911901
30001020215508912151
30001020215508912231
30001020215508912351
30001020215508912561
30001020215508912621
30001020215508912671
30001020215508913131
30001020215508913221
30001020215508913371
30001020215508913461
30001020215508913751
30001020215508913881
30001020215508913961
30001020215508914341
30001020215508914841
30001020215508915351
30001020215508916731
30001020215508917181
30001020215508917961
30001020215508918101
30001020215508918491
30001020215508918781
30001020215508919361
30001020215508919561
30001020215508919801
30001020215508920401
30001020215508920501
30001020215508920641
30001020215508921101
30001020215508921361
30001020215508921441
30001020215508921661
30001020215508921901
30001020215508923101
30001020215508923291
30001020215508924821
30001020215508925061
30001020215508925201
30001020215508926081
30001020215508926461
30001020215508926681
30001020215508926781
30001020215508926971
30001020215508927161
30001020215508927371
30001020215508928551
30001020215508928741
30001020215508928841
30001020215508929091
30001020215508930461
30001020215508930571
30001020215508930791
30001020215508930881
30001020215508931121
30001020215508931211
30001020215508931391
30001020215508931491
30001020215508931681
30001020215508931811
30001020215508931931
30001020215508931991
30001020215508934761
30001020215508936681
30001020215508936881
30001020215508938061
30001020215508938391
30001020215508939691
30001020215508940061
30001020215508940901
30001020215508941341
30001020215508941711
30001020215508942311
30001020215508942451
30001020215508942681
30001020215508942771
30001020215508942851
30001020215508942961
30001020215508943081
30001020215508943251
30001020215508943471
30001020215508943541
30001020215508943591
30001020215508943691
30001020215508943921
30001020215508944181
30001020215508944271
30001020215508944541
30001020215508944631
30001020215508944791
30001020215508944891
30001020215508945011
30001020215508945121
30001020215508945201
30001020215508945371
30001020215508945571
30001020215508945651
30001020215508945881
30001020215508946281
30001020215508946351
30001020215508947121
30001020215508948281
30001020215508948401
30001020215508948651
30001020215508950091
30001020215508950231
30001020215508950801
30001020215508952161
30001020215508952921
30001020215508957211
30001020215508957331
30001020215508957421
30001020215508957711
30001020215508957791
30001020215508958031
30001020215508958141
30001020215508958221
30001020215508958281
30001020215508958391
30001020215508961941
30001020215508962141
30001020215508962381
30001020215508962601
30001020215508962671
30001020215508962751
30001020215508962851
30001020215508962931
30001020215508963041
30001020215508963131
30001020215508963191
30001020215508963251
30001020215508963301
30001020215508963381
30001020215508963451
30001020215508963591
30001020215508963671
30001020215508963721
30001020215508963821
30001020215508963901
30001020215508963961
30001020215508964041
30001020215508964091
30001020215508964151
30001020215508964231
30001020215508964291
30001020215508964381
30001020215508964481
30001020215508964541
30001020215508964611
30001020215508964671
30001020215508964771
30001020215508964841
30001020215508964891
30001020215508964971
30001020215508965031
30001020215508965111
30001020215508965211
30001020215508965271
30001020215508965341
30001020215508965411
30001020215508965501
30001020215508965561
30001020215508965611
30001020215508965691
30001020215508965781
30001020215508965851
30001020215508965911
30001020215508966031
30001020215508966101
30001020215508966171
30001020215508966221
30001020215508966301
30001020215508966441
30001020215508966511
30001020215508966631
30001020215508966681
30001020215508966751
30001020215508966841
30001020215508966901
30001020215508967161
30001020215508970381
30001020215508972461
30001020215508972681
30001020215509101921
30001020215509105331
30001020215509107081
30001020215509107241
30001020215509107891
30001020215509108011
30001020215509108091
30001020215509108341
30001020215509108441
30001020215509108871
30001020215509109111
30001020215509109291
30001020215509110311
30001020215509110521
30001020215509111031
30001020215509111121
30001020215509111201
30001020215509111271
30001020215509112081
30001020215509112291
30001020215509113151
30001020215509113381
30001020215509114361
30001020215509114541
30001020215509114661
30001020215509114851
30001020215509115031
30001020215509115401
30001020215509115511
30001020215509116211
30001020215509116421
30001020215509116471
30001020215509116541
30001020215509116871
30001020215509117071
30001020215509118021
30001020215509118361
30001020215509119521
30001020215509120411
30001020215509120821
30001020215509121481
30001020215509121581
30001020215509121691
30001020215509122211
30001020215509122321
30001020215509122521
30001020215509122781
30001020215509123461
30001020215509123601
30001020215509124191
30001020215509124571
30001020215509124871
30001020215509125091
30001020215509125281
30001020215509125361
30001020215509125541
30001020215509125661
30001020215509125801
30001020215509125901
30001020215509125961
30001020215509126221
30001020215509126561
30001020215509126621
30001020215509126691
30001020215509126761
30001020215509126911
30001020215509127421
30001020215509127531
30001020215509128501
30001020215509128841
30001020215509128931
30001020215509130761
30001020215509130861
30001020215509131861
30001020215509132281
30001020215509132581
30001020215509132731
30001020215509132821
30001020215509132921
30001020215509132981
30001020215509133691
30001020215509133771
30001020215509134651
30001020215509135161
30001020215509135331
30001020215509135451
30001020215509137291
30001020215509137391
30001020215509138601
30001020215509139711
30001020215509140001
30001020215509141541
30001020215509142321
30001020215509142741
30001020215509143131
30001020215509143421
30001020215509143531
30001020215509143601
30001020215509143651
30001020215509144941
30001020215509146201
30001020215509146291
30001020215509146841
30001020215509146981
30001020215509147401
30001020215509147621
30001020215509148001
30001020215509148171
30001020215509148881
30001020215509149551
30001020215509149721
30001020215509149781
30001020215509150841
30001020215509151091
30001020215509151381
30001020215509152281
30001020215509152341
30001020215509152431
30001020215509152771
30001020215509152861
30001020215509153311
30001020215509154211
30001020215509155921
30001020215509156221
30001020215509156831
30001020215509157261
30001020215509754871
30001020215509755261
30001020215509755631
30001020215509755741
30001020215509756261
30001020215509756341
30001020215509756731
30001020215509756841
30001020215509756921
30001020215509757031
30001020215509757911
30001020215509758061
30001020215509758231
30001020215509758711
30001020215509759021
30001020215509759181
30001020215509759461
30001020215509759521
30001020215509759611
30001020215509759711
30001020215509759861
30001020215509759931
30001020215509759991
30001020215509760051
30001020215509760161
30001020215509760221
30001020215509760331
30001020215509760711
30001020215509761641
30001020215509762081
30001020215509762321
30001020215509762591
30001020215509762901
30001020215509763001
30001020215509763551
30001020215509764251
30001020215509764621
30001020215509765281
30001020215509766401
30001020215509766631
30001020215509766711
30001020215509767641
30001020215509768611
30001020215509769431
30001020215509770331
30001020215509770571
30001020215509770681
30001020215509771891
30001020215509772261
30001020215509772441
30001020215509772521
30001020215509772601
30001020215509772681
30001020215509773791
30001020215509773891
30001020215509773951
30001020215509774031
30001020215509774171
30001020215509774271
30001020215509774331
30001020215509775231
30001020215509775411
30001020215509776751
30001020215509776961
30001020215509778401
30001020215509778781
30001020215509779191
30001020215509779671
30001020215509780131
30001020215509780451
30001020215509780761
30001020215509781051
30001020215509781401
30001020215509782201
30001020215509783221
30001020215509783491
30001020215509783621
30001020215509784001
30001020215509784441
30001020215509784551
30001020215509785031
30001020215509785271
30001020215509786131
30001020215509787121
30001020215509787321
30001020215509787571
30001020215509787651
30001020215509788261
30001020215509788351
30001020215509788421
30001020215509788521
30001020215509788591
30001020215509788741
30001020215509789201
30001020215509790531
30001020215509790851
30001020215509792291
30001020215509793161
30001020215509793271
30001020215509793391
30001020215509793781
30001020215509794211
30001020215509794891
30001020215509796301
30001020215509798341
30001020215509801421
30001020215509801911
30001020215509802121
30001020215509803441
30001020215509803711
30001020215509803841
30001020215509804561
30001020215509806421
30001020215509807461
30001020215509807641
30001020215509807821
30001020215509807991
30001020215509808321
30001020215509808711
30001020215509808911
30001020215509809141
30001020215509809421
30001020215509809941
30001020215509810261
30001020215509810451
30001020215509810631
30001020215509811481
30001020215509812311
30001020215509826481
30001020215509826931
30001020215509827061
30001020215509827261
30001020215509827531
30001020215509827851
30001020215509828181
30001020215509828571
30001020215509970711
30001020215509970911
30001020215509971011
30001020215509972111
30001020215509972211
30001020215509972421
30001020215509975191
30001020215509975491
30001020215509975571
30001020215509976291
30001020215509977231
30001020215509977401
30001020215509978541
30001020215509979851
30001020215509980261
30001020215509980441
30001020215509980521
30001020215509980841
30001020215509981851
30001020215509982011
30001020215509982701
30001020215509983031
30001020215509983341
30001020215509983791
30001020215509984061
30001020215509984271
30001020215509984451
30001020215509987411
30001020215509987491
30001020215509987841
30001020215509988961
30001020215509989071
30001020215509989261
30001020215509989791
30001020215509990091
30001020215509990591
30001020215509991111
30001020215509991191
30001020215509991281
30001020215509995831
30001020215509997061
30001020215509997601
30001020215509998321
30001020215509999461
30001020215510000381
30001020215510004431
30001020215510005531
30001020215510006771
30001020215510006871
30001020215510007441
30001020215510007911
30001020215510008081
30001020215510008731
30001020215510008891
30001020215510009331
30001020215510010591
30001020215510020651
30001020215510031031
30001020215510624321
30001020215510625811
30001020215510626251
30001020215510626511
30001020215510627471
30001020215510627971
30001020215510628231
30001020215510630121
30001020215510630481
30001020215510630741
30001020215510631661
30001020215510631781
30001020215510631911
30001020215510632861
30001020215510633101
30001020215510633261
30001020215510634681
30001020215510637361
30001020215510638461
30001020215510639051
30001020215510640471
30001020215510640651
30001020215510641221
30001020215510641951
30001020215510642371
30001020215510642581
30001020215510642811
30001020215510643121
30001020215510643601
30001020215510644221
30001020215510644491
30001020215510644831
30001020215510644951
30001020215510645031
30001020215510645221
30001020215510645301
30001020215510645391
30001020215510646661
30001020215510646781
30001020215510646991
30001020215510647161
30001020215510647501
30001020215510647581
30001020215510648451
30001020215510648511
30001020215510648751
30001020215510649341
30001020215510650271
30001020215510650901
30001020215510651801
30001020215510652171
30001020215510652951
30001020215510654921
30001020215510655571
30001020215510655821
30001020215510656941
30001020215510657941
30001020215510659411
30001020215510659931
30001020215510661431
30001020215510661491
30001020215510662601
30001020215510662761
30001020215510664291
30001020215510664641
30001020215510664901
30001020215510665471
30001020215510666061
30001020215510666181
30001020215510666371
30001020215510666491
30001020215510666671
30001020215510670921
30001020215510671161
30001020215510671231
30001020215510671451
30001020215510671591
30001020215510671731
30001020215510671911
30001020215510672231
30001020215510672311
30001020215510672401
30001020215510672501
30001020215510672571
30001020215510672641
30001020215510672701
30001020215510672771
30001020215510673111
30001020215510673211
30001020215510673291
30001020215510673351
30001020215510673421
30001020215510673591
30001020215510673651
30001020215510673851
30001020215510674091
30001020215510674261
30001020215510674861
30001020215510676081
30001020215510676771
30001020215510676851
30001020215510676951
30001020215510677141
30001020215510677371
30001020215510679981
30001020215510680571
30001020215510680641
30001020215510681551
30001020215510681601
30001020215510681661
30001020215510681741
30001020215510682031
30001020215510682461
30001020215510682531
30001020215510682641
30001020215510682911
30001020215510683091
30001020215510683151
30001020215510683251
30001020215510683351
30001020215510683571
30001020215510684761
30001020215510684881
30001020215510684941
30001020215510685001
30001020215510685071
30001020215510685881
30001020215510686941
30001020215510687041
30001020215510688171
30001020215510689891
30001020215510690231
30001020215510690361
30001020215510690491
30001020215510690551
30001020215510690621
30001020215510690711
30001020215510690771
30001020215510690861
30001020215510690951
30001020215510690991
30001020215510691061
30001020215510691111
30001020215510691191
30001020215510691241
30001020215510691301
30001020215510691351
30001020215510691471
30001020215510691561
30001020215510691621
30001020215510691741
30001020215510691811
30001020215510691881
30001020215510691971
30001020215510692091
30001020215510692191
30001020215510692301
30001020215510692381
30001020215510692441
30001020215510692551
30001020215510692651
30001020215510692751
30001020215510692821
30001020215510692871
30001020215510692921
30001020215510692991
30001020215510693081
30001020215510693141
30001020215510693251
30001020215510693451
30001020215510693651
30001020215510693731
30001020215510693791
30001020215510693841
30001020215510693901
30001020215510693961
30001020215510694041
30001020215510694091
30001020215510694201
30001020215510694311
30001020215510694451
30001020215510694551
30001020215510694641
30001020215510694711
30001020215510694861
30001020215510694941
30001020215510695021
30001020215510695131
30001020215510695181
30001020215510695251
30001020215510695671
30001020215510699451
30001020215510834571
30001020215510834961
30001020215510835071
30001020215510835441
30001020215510835871
30001020215510836761
30001020215510837121
30001020215510837231
30001020215510838641
30001020215510838761
30001020215510839391
30001020215510839451
30001020215510839631
30001020215510839781
30001020215510839961
30001020215510840291
30001020215510840491
30001020215510840601
30001020215510840781
30001020215510840961
30001020215510841091
30001020215510841181
30001020215510841501
30001020215510841581
30001020215510841721
30001020215510841921
30001020215510842001
30001020215510842061
30001020215510842231
30001020215510842571
30001020215510843551
30001020215510844341
30001020215510844711
30001020215510845891
30001020215510846291
30001020215510846431
30001020215510848221
30001020215510848341
30001020215510848581
30001020215510849161
30001020215510849261
30001020215510849931
30001020215510850021
30001020215510851021
30001020215510851161
30001020215510851251
30001020215510851691
30001020215510852591
30001020215510852771
30001020215510853341
30001020215510853741
30001020215510853871
30001020215510854011
30001020215510854141
30001020215510854471
30001020215510854551
30001020215510854791
30001020215510855601
30001020215510856081
30001020215510856211
30001020215510856321
30001020215510857441
30001020215510858221
30001020215510858971
30001020215510860851
30001020215510861171
30001020215510861241
30001020215510861411
30001020215510862621
30001020215510862781
30001020215510863061
30001020215510864541
30001020215510864981
30001020215510866601
30001020215510866711
30001020215510867611
30001020215510867901
30001020215510868451
30001020215510870271
30001020215510870421
30001020215510870881
30001020215510871571
30001020215510872201
30001020215510872361
30001020215510872491
30001020215510872961
30001020215510873091
30001020215510874981
30001020215510875211
30001020215510876521
30001020215510877291
30001020215510877641
30001020215510879281
30001020215510881231
30001020215510882051
30001020215510884661
30001020215510887181
30001020215511483561
30001020215511483661
30001020215511484201
30001020215511484311
30001020215511484431
30001020215511484511
30001020215511484611
30001020215511484701
30001020215511485091
30001020215511486571
30001020215511488681
30001020215511488791
30001020215511489171
30001020215511489811
30001020215511490021
30001020215511490161
30001020215511490331
30001020215511490441
30001020215511491681
30001020215511493611
30001020215511495281
30001020215511495701
30001020215511496081
30001020215511496461
30001020215511497121
30001020215511499241
30001020215511499401
30001020215511500701
30001020215511501591
30001020215511504761
30001020215511504881
30001020215511504951
30001020215511505081
30001020215511505301
30001020215511505441
30001020215511505751
30001020215511505881
30001020215511506411
30001020215511506701
30001020215511507321
30001020215511508011
30001020215511508211
30001020215511508521
30001020215511509221
30001020215511510001
30001020215511510801
30001020215511511031
30001020215511511341
30001020215511512031
30001020215511513391
30001020215511515451
30001020215511516221
30001020215511517101
30001020215511517641
30001020215511517981
30001020215511518691
30001020215511519581
30001020215511519731
30001020215511520261
30001020215511520431
30001020215511521561
30001020215511521721
30001020215511521901
30001020215511522001
30001020215511523121
30001020215511523211
30001020215511525511
30001020215511525971
30001020215511526081
30001020215511526301
30001020215511527291
30001020215511531671
30001020215511532571
30001020215511534011
30001020215511534971
30001020215511535131
30001020215511535221
30001020215511535491
30001020215511535561
30001020215511535711
30001020215511535841
30001020215511536201
30001020215511536291
30001020215511536421
30001020215511536601
30001020215511536851
30001020215511536971
30001020215511537041
30001020215511537191
30001020215511537261
30001020215511537401
30001020215511537661
30001020215511537741
30001020215511537801
30001020215511538001
30001020215511538101
30001020215511538261
30001020215511538381
30001020215511538481
30001020215511538591
30001020215511538691
30001020215511538831
30001020215511540031
30001020215511540251
30001020215511540921
30001020215511541121
30001020215511541851
30001020215511542191
30001020215511542401
30001020215511542501
30001020215511542661
30001020215511542801
30001020215511542911
30001020215511544271
30001020215511544481
30001020215511545271
30001020215511546021
30001020215511546151
30001020215511546981
30001020215511547351
30001020215511547761
30001020215511547911
30001020215511547971
30001020215511548061
30001020215511548581
30001020215511549051
30001020215511549241
30001020215511550751
30001020215511550881
30001020215511551031
30001020215511552311
30001020215511552651
30001020215511552821
30001020215511553001
30001020215511554061
30001020215511554481
30001020215511554651
30001020215511554711
30001020215511554781
30001020215511554851
30001020215511554931
30001020215511554991
30001020215511555051
30001020215511555111
30001020215511555171
30001020215511555241
30001020215511555351
30001020215511555421
30001020215511555671
30001020215511555831
30001020215511555981
30001020215511556171
30001020215511556271
30001020215511556371
30001020215511556451
30001020215511556501
30001020215511556571
30001020215511556631
30001020215511556711
30001020215511556821
30001020215511556921
30001020215511557041
30001020215511557121
30001020215511557221
30001020215511557301
30001020215511557361
30001020215511557591
30001020215511557751
30001020215511557861
30001020215511557951
30001020215511558121
30001020215511558221
30001020215511558371
30001020215511558841
30001020215511558931
30001020215511558981
30001020215511559051
30001020215511559111
30001020215511559161
30001020215511559211
30001020215511559251
30001020215511559321
30001020215511559421
30001020215511559621
30001020215511559771
30001020215511559831
30001020215511560141
30001020215511560241
30001020215511560481
30001020215511695801
30001020215511696271
30001020215511699391
30001020215511700971
30001020215511701211
30001020215511701271
30001020215511701371
30001020215511701461
30001020215511701941
30001020215511702001
30001020215511702061
30001020215511702271
30001020215511702341
30001020215511702801
30001020215511702921
30001020215511703281
30001020215511703451
30001020215511703731
30001020215511704251
30001020215511704751
30001020215511705531
30001020215511706181
30001020215511706461
30001020215511706761
30001020215511707101
30001020215511708091
30001020215511708171
30001020215511708461
30001020215511709061
30001020215511709131
30001020215511709211
30001020215511709271
30001020215511710151
30001020215511712671
30001020215511714651
30001020215511718311
30001020215511718861
30001020215511719361
30001020215511719741
30001020215511720001
30001020215511720121
30001020215511720331
30001020215511720731
30001020215511720861
30001020215511720941
30001020215511721001
30001020215511721491
30001020215511721701
30001020215511721841
30001020215511721971
30001020215511722281
30001020215511722361
30001020215511722531
30001020215511722771
30001020215511723011
30001020215511723801
30001020215511723971
30001020215511724191
30001020215511724711
30001020215511725381
30001020215511725471
30001020215511725931
30001020215511726241
30001020215511727261
30001020215511727621
30001020215511729761
30001020215511730071
30001020215511730981
30001020215511731311
30001020215511733771
30001020215511734471
30001020215511734991
30001020215511735171
30001020215511736361
30001020215511736911
30001020215511737241
30001020215511737421
30001020215511737741
30001020215511737831
30001020215511737931
30001020215511738081
30001020215511738301
30001020215511738641
30001020215511738971
30001020215511739161
30001020215511740641
30001020215511740671
30001020215511741221
30001020215511741781
30001020215511742161
30001020215511743391
30001020215511743581
30001020215511744631
30001020215511744861
30001020215511745781
30001020215511747241
30001020215511748301
30001020215511757491
30001020215512345311
30001020215512345421
30001020215512345631
30001020215512347701
30001020215512348311
30001020215512348521
30001020215512348641
30001020215512348711
30001020215512349341
30001020215512350531
30001020215512351781
30001020215512351911
30001020215512352351
30001020215512352791
30001020215512352941
30001020215512355851
30001020215512356371
30001020215512356671
30001020215512357591
30001020215512358671
30001020215512358921
30001020215512359001
30001020215512359741
30001020215512360191
30001020215512360341
30001020215512360561
30001020215512360891
30001020215512363451
30001020215512363801
30001020215512366031
30001020215512367621
30001020215512368321
30001020215512368991
30001020215512369311
30001020215512369801
30001020215512370351
30001020215512370581
30001020215512370661
30001020215512370781
30001020215512370971
30001020215512371221
30001020215512371361
30001020215512371441
30001020215512371771
30001020215512372631
30001020215512373051
30001020215512373251
30001020215512373431
30001020215512373871
30001020215512374341
30001020215512375101
30001020215512375641
30001020215512376231
30001020215512380011
30001020215512380101
30001020215512380641
30001020215512380721
30001020215512381721
30001020215512382291
30001020215512383161
30001020215512383941
30001020215512384061
30001020215512384381
30001020215512384681
30001020215512384951
30001020215512388031
30001020215512389021
30001020215512390341
30001020215512391711
30001020215512391961
30001020215512392141
30001020215512393281
30001020215512393351
30001020215512393431
30001020215512394721
30001020215512395021
30001020215512396841
30001020215512397541
30001020215512398431
30001020215512399161
30001020215512399421
30001020215512399541
30001020215512399781
30001020215512400071
30001020215512400281
30001020215512400361
30001020215512400511
30001020215512400661
30001020215512400761
30001020215512400881
30001020215512400951
30001020215512401011
30001020215512401081
30001020215512401131
30001020215512401281
30001020215512401331
30001020215512401381
30001020215512401461
30001020215512401571
30001020215512401661
30001020215512401851
30001020215512401941
30001020215512402031
30001020215512402201
30001020215512403011
30001020215512403181
30001020215512403861
30001020215512404421
30001020215512405331
30001020215512405431
30001020215512405561
30001020215512405701
30001020215512405911
30001020215512406481
30001020215512406991
30001020215512407271
30001020215512407521
30001020215512407841
30001020215512407901
30001020215512408111
30001020215512408181
30001020215512408321
30001020215512408411
30001020215512408631
30001020215512408841
30001020215512409301
30001020215512409761
30001020215512410181
30001020215512411241
30001020215512411581
30001020215512413721
30001020215512413811
30001020215512413951
30001020215512414141
30001020215512414221
30001020215512414451
30001020215512415141
30001020215512415211
30001020215512415281
30001020215512418511
30001020215512418661
30001020215512418891
30001020215512419041
30001020215512419161
30001020215512419271
30001020215512419421
30001020215512419531
30001020215512419651
30001020215512419761
30001020215512419911
30001020215512420021
30001020215512420211
30001020215512420271
30001020215512420361
30001020215512420491
30001020215512420641
30001020215512420701
30001020215512420741
30001020215512420841
30001020215512420891
30001020215512421061
30001020215512421221
30001020215512421331
30001020215512421391
30001020215512421501
30001020215512421621
30001020215512421751
30001020215512421801
30001020215512421881
30001020215512421971
30001020215512422081
30001020215512422141
30001020215512422211
30001020215512422371
30001020215512422471
30001020215512422521
30001020215512422591
30001020215512422671
30001020215512422731
30001020215512422781
30001020215512422831
30001020215512422941
30001020215512423001
30001020215512423371
30001020215512423451
30001020215512423531
30001020215512423611
30001020215512423671
30001020215512423831
30001020215512424581
30001020215512562911
30001020215512563061
30001020215512563791
30001020215512563921
30001020215512564381
30001020215512565081
30001020215512565171
30001020215512565461
30001020215512565521
30001020215512565751
30001020215512565841
30001020215512566001
30001020215512566611
30001020215512567791
30001020215512568111
30001020215512568511
30001020215512568701
30001020215512568931
30001020215512569101
30001020215512569471
30001020215512570421
30001020215512570811
30001020215512570891
30001020215512571371
30001020215512571881
30001020215512572541
30001020215512572901
30001020215512573231
30001020215512573311
30001020215512574181
30001020215512574501
30001020215512576641
30001020215512577871
30001020215512578551
30001020215512578701
30001020215512579091
30001020215512579741
30001020215512579821
30001020215512580841
30001020215512581071
30001020215512581651
30001020215512581721
30001020215512581901
30001020215512582091
30001020215512582501
30001020215512583111
30001020215512583611
30001020215512584121
30001020215512586841
30001020215512587011
30001020215512587991
30001020215512588941
30001020215512589321
30001020215512589411
30001020215512590111
30001020215512590551
30001020215512591551
30001020215512593461
30001020215512593841
30001020215512595801
30001020215512595891
30001020215512597721
30001020215512597811
30001020215512597941
30001020215512598221
30001020215512598961
30001020215512599131
30001020215512599401
30001020215512599991
30001020215512600061
30001020215512600401
30001020215512601251
30001020215512601541
30001020215512602101
30001020215512602241
30001020215512603081
30001020215512605181
30001020215512607211
30001020215512608891
30001020215512610491
30001020215512610781
30001020215512611281
30001020215512611851
30001020215512612271
30001020215512613411
30001020215513208051
30001020215513208281
30001020215513208361
30001020215513208631
30001020215513210071
30001020215513210161
30001020215513210351
30001020215513210501
30001020215513210571
30001020215513211231
30001020215513211891
30001020215513211951
30001020215513212001
30001020215513212211
30001020215513212271
30001020215513212331
30001020215513212541
30001020215513212591
30001020215513212681
30001020215513212751
30001020215513212841
30001020215513212911
30001020215513213161
30001020215513213251
30001020215513213571
30001020215513213661
30001020215513213731
30001020215513213811
30001020215513213911
30001020215513214701
30001020215513215311
30001020215513216811
30001020215513217431
30001020215513218431
30001020215513218711
30001020215513219381
30001020215513219561
30001020215513219831
30001020215513220061
30001020215513220211
30001020215513222841
30001020215513223281
30001020215513223451
30001020215513223601
30001020215513224921
30001020215513226531
30001020215513227601
30001020215513228191
30001020215513228711
30001020215513229261
30001020215513229391
30001020215513229451
30001020215513230731
30001020215513230851
30001020215513231001
30001020215513231111
30001020215513231801
30001020215513232981
30001020215513233051
30001020215513233151
30001020215513233341
30001020215513233421
30001020215513234281
30001020215513234451
30001020215513234601
30001020215513234851
30001020215513235161
30001020215513235431
30001020215513235501
30001020215513235881
30001020215513236401
30001020215513236691
30001020215513237721
30001020215513238041
30001020215513241431
30001020215513241511
30001020215513242021
30001020215513242101
30001020215513242561
30001020215513242981
30001020215513244411
30001020215513244911
30001020215513245241
30001020215513245401
30001020215513245771
30001020215513246561
30001020215513247051
30001020215513247661
30001020215513247811
30001020215513248021
30001020215513248141
30001020215513248321
30001020215513248811
30001020215513249841
30001020215513250861
30001020215513252321
30001020215513253761
30001020215513254091
30001020215513254561
30001020215513256371
30001020215513256521
30001020215513256751
30001020215513256921
30001020215513257111
30001020215513257531
30001020215513258351
30001020215513260431
30001020215513261361
30001020215513263361
30001020215513263471
30001020215513263571
30001020215513263631
30001020215513263891
30001020215513264061
30001020215513264241
30001020215513264321
30001020215513264451
30001020215513264641
30001020215513264941
30001020215513265021
30001020215513265131
30001020215513265241
30001020215513265331
30001020215513265391
30001020215513265451
30001020215513265511
30001020215513265651
30001020215513265721
30001020215513265921
30001020215513266001
30001020215513266091
30001020215513266181
30001020215513266241
30001020215513266331
30001020215513266671
30001020215513267021
30001020215513267731
30001020215513268271
30001020215513268361
30001020215513271701
30001020215513272351
30001020215513273041
30001020215513273221
30001020215513273311
30001020215513273841
30001020215513274841
30001020215513275511
30001020215513276211
30001020215513276331
30001020215513277701
30001020215513278381
30001020215513279171
30001020215513279251
30001020215513279511
30001020215513279701
30001020215513280381
30001020215513281541
30001020215513282461
30001020215513282561
30001020215513282881
30001020215513282971
30001020215513283041
30001020215513283211
30001020215513283351
30001020215513283411
30001020215513283461
30001020215513283531
30001020215513283621
30001020215513283771
30001020215513283821
30001020215513283981
30001020215513284051
30001020215513284191
30001020215513284301
30001020215513284361
30001020215513284411
30001020215513284491
30001020215513284551
30001020215513284641
30001020215513284711
30001020215513284771
30001020215513284851
30001020215513284911
30001020215513284971
30001020215513285011
30001020215513285101
30001020215513285171
30001020215513285221
30001020215513285301
30001020215513285541
30001020215513285681
30001020215513285761
30001020215513285871
30001020215513285961
30001020215513286021
30001020215513286141
30001020215513286221
30001020215513286281
30001020215513286361
30001020215513286431
30001020215513286491
30001020215513286541
30001020215513286581
30001020215513286661
30001020215513286761
30001020215513286901
30001020215513287061
30001020215513287291
30001020215513287611
30001020215513287731
30001020215513426641
30001020215513427171
30001020215513427341
30001020215513427521
30001020215513427971
30001020215513428891
30001020215513430401
30001020215513430911
30001020215513431021
30001020215513431231
30001020215513431461
30001020215513431741
30001020215513431941
30001020215513432061
30001020215513432131
30001020215513432341
30001020215513432461
30001020215513432521
30001020215513433121
30001020215513433361
30001020215513433661
30001020215513433771
30001020215513433861
30001020215513433941
30001020215513434011
30001020215513434211
30001020215513434311
30001020215513434381
30001020215513434451
30001020215513434511
30001020215513434621
30001020215513436601
30001020215513438441
30001020215513439551
30001020215513440961
30001020215513441061
30001020215513441191
30001020215513443561
30001020215513443791
30001020215513443901
30001020215513444231
30001020215513445661
30001020215513445721
30001020215513446601
30001020215513446951
30001020215513447211
30001020215513447661
30001020215513447761
30001020215513447901
30001020215513448001
30001020215513448091
30001020215513448221
30001020215513448411
30001020215513448521
30001020215513448641
30001020215513448951
30001020215513449931
30001020215513450381
30001020215513451401
30001020215513451781
30001020215513452191
30001020215513452531
30001020215513453121
30001020215513454061
30001020215513454581
30001020215513454731
30001020215513455001
30001020215513457571
30001020215513457801
30001020215513459151
30001020215513459241
30001020215513459531
30001020215513459761
30001020215513460281
30001020215513460491
30001020215513460591
30001020215513460831
30001020215513462391
30001020215513462511
30001020215513463561
30001020215513463831
30001020215513464071
30001020215513464511
30001020215513464621
30001020215513467321
30001020215513467911
30001020215513468981
