15 0.082 0.8666666666666666 0.164 0.2613333333333333
15 0.297 0.736 0.17400000000000002 0.29866666666666664
15 0.721 0.8026666666666666 0.17400000000000002 0.3466666666666667
15 0.673 0.6186666666666667 0.122 0.21333333333333332
15 0.913 0.6226666666666666 0.138 0.23199999999999998
0 0.8270000000000001 0.608 0.17400000000000002 0.29333333333333333
0 0.516 0.504 0.084 0.30933333333333335
0 0.422 0.5106666666666666 0.084 0.2906666666666667
0 0.069 0.46266666666666667 0.094 0.312
0 0.149 0.4693333333333333 0.098 0.304
0 0.07100000000000001 0.7999999999999999 0.14200000000000002 0.39466666666666667
0 0.682 0.7266666666666667 0.232 0.472
0 0.322 0.6986666666666667 0.168 0.352
