0 0.8180000000000001 0.6006006006006006 0.076 0.3063063063063063
0 0.655 0.5480480480480481 0.05 0.23723723723723725
0 0.62 0.5570570570570571 0.068 0.21921921921921922
0 0.532 0.43243243243243246 0.028 0.08408408408408408
13 0.558 0.5315315315315315 0.124 0.25225225225225223
13 0.462 0.596096096096096 0.10400000000000001 0.35735735735735735
13 0.355 0.5525525525525525 0.098 0.18018018018018017
0 0.341 0.4774774774774775 0.062 0.17417417417417416
0 0.20700000000000002 0.47897897897897895 0.078 0.16516516516516516
0 0.054 0.481981981981982 0.024 0.04504504504504504
0 0.067 0.4744744744744745 0.026000000000000002 0.06006006006006006
0 0.014 0.4774774774774775 0.028 0.07207207207207207
13 0.203 0.539039039039039 0.066 0.19519519519519518
