14 0.25466666666666665 0.759 0.312 0.158
14 0.3293333333333333 0.657 0.14666666666666667 0.066
14 0.5973333333333333 0.628 0.128 0.064
14 0.7653333333333333 0.622 0.112 0.08
14 0.8893333333333333 0.595 0.14133333333333334 0.066
14 0.7093333333333333 0.607 0.10133333333333333 0.054
14 0.644 0.606 0.04 0.044
14 0.752 0.543 0.042666666666666665 0.018000000000000002
14 0.38 0.582 0.018666666666666665 0.02
14 0.036 0.629 0.034666666666666665 0.018000000000000002
14 0.49066666666666664 0.582 0.03733333333333333 0.012
14 0.5306666666666666 0.5630000000000001 0.026666666666666665 0.022
14 0.584 0.561 0.042666666666666665 0.022
14 0.444 0.558 0.034666666666666665 0.02
14 0.312 0.5740000000000001 0.021333333333333333 0.02
14 0.16266666666666665 0.58 0.026666666666666665 0.016
