15 0.372 0.8738738738738738 0.276 0.24624624624624625
15 0.9390000000000001 0.8903903903903904 0.11800000000000001 0.2132132132132132
15 0.912 0.7147147147147147 0.056 0.24024024024024024
8 0.522 0.6006006006006006 0.036000000000000004 0.1921921921921922
0 0.641 0.37237237237237236 0.398 0.5525525525525525
0 0.734 0.6876876876876877 0.324 0.6186186186186187
0 0.197 0.5855855855855856 0.294 0.8228228228228228
0 0.358 0.49099099099099097 0.188 0.34534534534534533
8 0.466 0.5585585585585585 0.036000000000000004 0.08408408408408408
15 0.034 0.7327327327327328 0.052000000000000005 0.3123123123123123
