15 0.643 0.5900900900900901 0.07 0.02102102102102102
15 0.799 0.6411411411411412 0.066 0.08108108108108109
15 0.8 0.8003003003003003 0.044 0.26126126126126126
15 0.723 0.8243243243243243 0.11800000000000001 0.26726726726726724
15 0.661 0.8678678678678678 0.178 0.25825825825825827
15 0.484 0.9219219219219219 0.18 0.15015015015015015
15 0.246 0.8783783783783784 0.216 0.23723723723723725
0 0.521 0.4519519519519519 0.034 0.10510510510510511
0 0.579 0.484984984984985 0.10200000000000001 0.24324324324324323
0 0.523 0.5570570570570571 0.078 0.13513513513513514
8 0.647 0.5705705705705706 0.018000000000000002 0.06006006006006006
8 0.603 0.6291291291291291 0.026000000000000002 0.0990990990990991
8 0.486 0.6456456456456456 0.024 0.10810810810810811
0 0.40700000000000003 0.5825825825825826 0.09 0.18618618618618618
0 0.315 0.7252252252252253 0.14200000000000002 0.4174174174174174
0 0.273 0.7732732732732732 0.23 0.44744744744744747
0 0.918 0.36486486486486486 0.04 0.03903903903903904
0 0.905 0.6291291291291291 0.186 0.7357357357357357
