15 0.47200000000000003 0.8973333333333333 0.244 0.19999999999999998
0 0.7030000000000001 0.7226666666666667 0.318 0.35733333333333334
15 0.708 0.8546666666666667 0.232 0.2853333333333333
0 0.875 0.5973333333333333 0.106 0.256
15 0.888 0.736 0.07200000000000001 0.2773333333333333
15 0.269 0.8293333333333333 0.202 0.33066666666666666
0 0.304 0.64 0.316 0.352
0 0.504 0.4613333333333333 0.08 0.13866666666666666
0 0.68 0.5306666666666666 0.112 0.18666666666666665
0 0.243 0.5439999999999999 0.114 0.208
0 0.358 0.48666666666666664 0.096 0.14133333333333334
0 0.647 0.49466666666666664 0.10200000000000001 0.15733333333333333
8 0.438 0.5653333333333334 0.02 0.09066666666666666
8 0.34800000000000003 0.5226666666666666 0.02 0.06933333333333333
0 0.28700000000000003 0.536 0.138 0.224
15 0.151 0.6133333333333333 0.042 0.208
