14 0.747 0.5439999999999999 0.426 0.9066666666666666
14 0.277 0.5266666666666666 0.494 0.7173333333333333
14 0.934 0.3333333333333333 0.10400000000000001 0.224
14 0.247 0.188 0.134 0.14666666666666667
14 0.042 0.296 0.084 0.304
14 0.399 0.124 0.08600000000000001 0.104
14 0.502 0.24266666666666667 0.068 0.23466666666666666
14 0.59 0.15333333333333332 0.068 0.07733333333333334
14 0.544 0.2533333333333333 0.044 0.21333333333333332
14 0.337 0.14533333333333334 0.05 0.06133333333333333
14 0.128 0.21466666666666667 0.10400000000000001 0.152
14 0.9510000000000001 0.5559999999999999 0.094 0.22666666666666666
