15 0.159 0.8826666666666666 0.318 0.224
8 0.043000000000000003 0.432 0.05 0.26666666666666666
8 0.091 0.48 0.042 0.16533333333333333
8 0.154 0.49066666666666664 0.032 0.15466666666666667
8 0.20500000000000002 0.49466666666666664 0.034 0.15733333333333333
8 0.243 0.492 0.034 0.15733333333333333
8 0.377 0.5066666666666666 0.034 0.13333333333333333
8 0.335 0.5026666666666666 0.03 0.14666666666666667
8 0.289 0.5 0.026000000000000002 0.14666666666666667
0 0.718 0.5226666666666666 0.56 0.9493333333333333
