15 0.126 0.6133333333333333 0.056 0.208
15 0.176 0.632 0.076 0.23466666666666666
15 0.246 0.6613333333333333 0.088 0.27199999999999996
15 0.357 0.6986666666666667 0.154 0.32
15 0.504 0.7573333333333333 0.196 0.4053333333333333
15 0.333 0.5213333333333333 0.066 0.056
15 0.403 0.528 0.082 0.064
15 0.505 0.5333333333333333 0.082 0.06933333333333333
15 0.612 0.5426666666666666 0.132 0.07733333333333334
15 0.779 0.5826666666666667 0.11800000000000001 0.14133333333333334
15 0.849 0.6759999999999999 0.28600000000000003 0.6426666666666666
