8 0.6266666666666666 0.398 0.03733333333333333 0.10400000000000001
8 0.588 0.397 0.04 0.11
8 0.5146666666666666 0.397 0.03733333333333333 0.106
8 0.48266666666666663 0.402 0.042666666666666665 0.1
8 0.436 0.403 0.04 0.10200000000000001
8 0.3853333333333333 0.41100000000000003 0.04533333333333333 0.09
8 0.42266666666666663 0.54 0.04 0.10400000000000001
8 0.38666666666666666 0.54 0.042666666666666665 0.10400000000000001
8 0.33999999999999997 0.54 0.034666666666666665 0.10400000000000001
8 0.3173333333333333 0.548 0.048 0.092
8 0.27199999999999996 0.54 0.03733333333333333 0.10400000000000001
8 0.244 0.545 0.04 0.10200000000000001
8 0.192 0.547 0.042666666666666665 0.098
8 0.112 0.548 0.042666666666666665 0.096
8 0.07733333333333334 0.545 0.03733333333333333 0.09
8 0.296 0.537 0.032 0.10200000000000001
