8 0.756 0.294 0.072 0.124
8 0.18 0.293 0.14133333333333334 0.21
8 0.5053333333333333 0.318 0.08266666666666667 0.212
8 0.31466666666666665 0.28300000000000003 0.08 0.198
8 0.42666666666666664 0.309 0.08 0.202
8 0.34933333333333333 0.275 0.05333333333333333 0.186
8 0.2613333333333333 0.27 0.08 0.156
8 0.388 0.281 0.04 0.178
8 0.48666666666666664 0.229 0.09866666666666667 0.11800000000000001
8 0.388 0.20800000000000002 0.088 0.096
8 0.6373333333333333 0.302 0.05333333333333333 0.076
8 0.6839999999999999 0.308 0.04 0.07200000000000001
