8 0.095 0.8039999999999999 0.122 0.38666666666666666
8 0.29 0.6066666666666667 0.068 0.19999999999999998
8 0.436 0.5733333333333334 0.056 0.29866666666666664
8 0.468 0.6639999999999999 0.084 0.36266666666666664
15 0.812 0.48666666666666664 0.188 0.3333333333333333
0 0.108 0.49866666666666665 0.216 0.576
0 0.661 0.39199999999999996 0.35000000000000003 0.5013333333333333
0 0.793 0.5746666666666667 0.41000000000000003 0.8453333333333333
0 0.807 0.17466666666666666 0.298 0.33866666666666667
0 0.864 0.096 0.164 0.18133333333333332
